95816
42289
50248
56304
37317
65533
36857
97321
48329
58835
88023
23696
72020
18169
74027
81571
90565
93812
98254
10400
66019
23734
10110
77424
65905
83080
56525
36803
14453
99543
28549
30624
93772
99257
24219
75647
82930
77146
67032
75762
94718
44389
21413
80882
20134
99072
11638
42107
63220
11085
24003
31306
19101
57938
52766
80926
18801
13586
91441
77786
12425
71299
41138
72749
88475
39733
92599
28542
63048
49750
36299
90229
77618
94193
97838
53910
40398
64592
34625
68590
27126
81002
77064
68121
56021
66384
39785
38282
87891
58459
75474
44813
29250
54550
15219
22957
28425
15789
25740
77402
87569
50725
86136
40252
85030
13250
34801
16895
96845
34288
24068
24288
64151
68174
85943
38503
82951
66153
73320
63248
53866
13461
46452
21443
68642
69808
64189
52701
83158
66285
29076
42327
82166
22341
98524
94737
58271
66159
81062
65822
49436
11730
11619
91550
93375
32921
50471
40827
10007
92225
97627
17955
48326
20924
21159
91206
15473
31339
36587
23434
22589
37915
11141
85496
94605
92661
69560
53542
59808
95817
42793
28812
77662
45340
21793
91000
52971
73164
30552
59771
47767
35308
42503
16632
34566
63010
51894
85823
30261
81911
80795
46332
88922
53414
11666
31093
41052
59051
79376
39805
72651
72433
85539
19440
11826
33960
75127
13253
77991
19547
75051
61870
99234
34950
87597
44857
61408
82599
10650
61619
49491
57463
98547
35604
89734
91418
17644
82858
14518
40122
38151
12919
84558
26627
93107
75015
62968
92462
35086
64002
74392
87865
29713
58548
99347
55426
21890
23265
20016
56007
36282
12831
32636
44814
74421
19409
33968
75238
94195
11281
15499
40629
34038
94298
91856
99281
66590
67182
18663
21070
45707
45183
19900
88506
42154
51713
56272
18103
24490
65423
99964
31222
74301
42064
20564
17038
72721
42666
82000
93236
27104
88628
10950
23127
22483
50698
15661
71711
80167
33479
68294
67889
26222
88658
86376
66191
79326
42005
51385
47475
17538
74433
90111
46673
51032
41688
17260
75469
80468
94930
66671
15565
68830
35628
13279
65750
77681
63450
84529
76164
56626
24182
47014
25578
24934
54643
76421
80037
36993
26651
88108
74160
35244
53911
44609
69743
13762
20020
79501
92067
62265
27555
24352
67111
29667
99306
27981
74477
79543
98528
72092
54280
83139
64548
63670
60524
97309
99689
34890
10755
11920
24806
17342
92411
47538
25600
42653
23898
18297
22038
84716
70054
88987
77441
21418
11120
63584
36355
78581
77704
12657
42363
32496
92817
59077
31700
36660
67667
75578
91240
38229
49239
36929
18638
74099
69038
98661
29631
95469
73963
48349
90411
18539
44264
24119
70094
77609
21322
82612
95231
44973
17732
87431
89832
48506
45909
36194
20823
87272
88928
88013
68585
11809
54888
29361
45414
20743
45538
76292
27567
21112
30832
88877
97569
58384
17436
13289
92311
86049
24796
61178
66642
55929
42784
49860
25508
91548
57742
10278
50116
64527
30192
44347
59783
50762
73093
50487
92005
51905
55679
90542
35980
55856
45379
78981
44475
83886
62264
63375
54142
50375
78402
27500
59785
92835
93601
81589
16068
27497
26285
39471
93327
39138
80341
67572
96783
13309
57837
89905
44001
26857
24805
60326
64653
11132
98424
66570
29956
16585
65711
48845
80154
82578
97561
25144
18095
54534
23916
84837
52134
54066
38662
37618
17970
16687
45584
90538
87714
18965
76339
42237
80870
58370
16708
78958
81488
65812
51458
30551
33378
94069
13769
82033
90340
69277
78365
97287
62307
97062
44223
79764
17264
94530
25897
46462
36493
26640
67879
59418
71610
62320
84098
76340
65619
83021
49615
29941
11748
88665
90012
75929
20969
86681
60762
12540
18930
32930
28297
62208
23625
95428
57308
31020
64323
13213
99134
80391
24098
96829
42037
39041
40337
52123
44724
75044
70232
18925
51409
48974
74845
36591
14793
62266
52195
74363
85416
25030
23094
98071
27405
36632
15022
70951
77114
43649
33116
47319
37397
39853
71416
76457
70637
33797
20735
15572
62464
95107
64424
65873
63429
60819
14280
99568
89213
57179
65355
32253
54173
71729
81866
96299
50510
57524
69199
28669
89817
93341
57245
26473
43656
96561
63885
21953
93449
43911
34559
21648
25487
96641
34537
41885
54884
48651
10936
37943
53931
12154
53408
68690
32423
50552
23925
60602
75835
93155
77050
67966
92264
11275
57752
21317
39226
88880
60829
53701
39095
49993
70610
32681
72687
20881
39479
27642
82380
95167
10407
72923
16694
47274
20105
23183
72476
84461
48812
14146
90832
76196
97256
62944
86838
11213
18168
32586
48738
86314
27145
77746
57287
12964
10104
29326
87870
99534
41198
22485
60530
81048
80940
91569
79561
96192
94548
32967
31431
12991
49161
84518
69861
66002
54461
72193
97844
41071
85618
37929
42665
47700
23188
74739
75527
19122
67181
40645
30012
14029
12191
37684
54923
32004
89140
71093
65961
76281
38705
72200
83427
28432
35896
71857
75905
59248
52797
58049
58539
49152
69335
97539
84555
27636
17676
97145
54674
15991
22683
10659
12415
94533
20732
24361
35938
10073
28867
78370
23919
17603
38299
49750
10273
49998
83145
58799
85609
98995
62263
87515
46651
26604
45477
14245
55694
82937
50475
39529
34231
51368
44528
87952
67003
46392
39709
29125
36427
99489
92125
66619
44886
83248
50609
95995
33618
11361
32463
31843
93241
39804
42950
11496
54575
13148
18326
48360
17932
64637
86169
38814
94356
32395
77058
33690
31432
57679
51938
26233
93148
19734
63707
93075
81525
58225
82692
50327
44604
63038
14123
66846
32289
97018
54280
65083
42218
23567
34133
32504
85722
72843
12613
96940
89828
67421
91793
84805
16484
94388
53145
47068
90595
60350
32645
56033
33556
77368
27027
20337
43457
42539
87882
25254
33858
77878
44729
49264
26235
98480
75327
77994
42354
90161
31131
35027
30925
80619
69978
84890
17302
83567
70964
98061
92257
87479
98937
74216
79271
20211
23974
64803
31083
85327
35991
43688
92031
81198
65271
66581
71894
21181
73786
97200
46385
69025
20364
34347
91939
80224
96769
62449
90953
64555
63193
58419
42930
58668
10115
28318
97305
22024
93202
12199
47404
71978
30821
95616
67872
11324
28801
22192
22938
46325
23166
67591
38148
10388
96754
55515
29933
16507
85869
50610
63367
87423
97815
47829
29719
54644
30157
35756
24662
48750
77260
82841
16739
95949
34022
30508
74734
10049
84767
74802
63699
65423
36626
