86663
18030
71794
48460
29526
85101
72479
98955
53016
15679
69771
24684
18426
13498
47651
45148
82579
90318
60609
61692
22046
21609
30693
35727
49348
95299
79504
10587
22913
87128
57211
51144
46002
18371
37025
27380
51097
31004
36017
58407
98042
30001
88707
71265
10894
26928
24004
97814
85062
96080
37350
44173
61034
70648
62182
30522
99232
36309
76455
21590
21461
84406
72195
99245
13215
59238
45904
62057
15309
79605
27689
19142
32041
96518
67850
54997
43127
79579
52287
46949
98526
40469
33015
43836
47894
65431
63760
92562
42442
57026
17892
47008
14777
38950
55085
90857
45581
55426
16051
41309
78991
84121
67269
13674
89879
21450
72881
57356
19112
54834
29668
31590
39584
60473
22652
27073
82264
80609
81192
64109
70696
75590
47051
27882
75570
49821
95675
57189
48169
54371
72080
79621
18435
31333
74596
59769
97400
76395
61563
35871
93232
42963
88570
14980
49538
87398
41078
76270
75437
86576
49161
51445
55898
81334
19043
58915
71254
64213
24138
89961
31003
54469
52298
31700
71775
50131
96338
50278
50133
48282
31610
35606
63508
70400
24238
93259
59893
79854
49423
33750
13604
99073
22325
32429
96803
72638
55575
31146
57589
57070
44884
56289
94229
31018
85853
68267
10188
65639
74217
75844
71859
28091
40808
95393
20007
28201
26096
44468
26411
87831
18744
60266
54099
43569
14982
68870
82985
83530
78823
35733
14773
85739
81181
21611
64413
88163
50497
67310
78298
27983
29765
59341
74018
71841
69795
46402
38325
77264
18342
52568
37257
38681
62149
22714
83852
10642
96221
25365
52804
61107
18109
83785
28067
28123
68782
70745
77414
68790
41347
12534
55567
13478
26887
55298
23610
93462
73919
28974
70349
23978
70872
68498
41776
35042
29277
45490
78657
10880
96954
26557
31238
12127
87808
68776
20303
84698
88341
32169
74313
72685
12856
14905
57879
46637
96076
20105
27664
94892
66867
84059
64428
23737
85069
43507
18167
69687
39830
77237
13352
23959
83860
48684
17296
41901
14635
74399
55669
90402
56089
27143
48724
48605
85060
41516
36653
25762
22652
70146
61416
11167
32252
91948
50578
56463
89912
56146
51184
10093
65373
31900
34430
46051
52347
16372
30055
89621
76534
89280
68110
12191
50273
91784
67310
71512
70577
37094
40661
85814
31633
82045
72637
96843
56708
93228
38573
98932
35197
89027
86296
18190
12327
86936
27731
19551
99595
70899
82166
45627
95106
69791
84774
60498
85482
13021
90073
79069
58551
35769
31511
74806
13696
47182
30306
13718
94478
53045
17687
57480
17676
79108
90256
12882
97138
98153
60946
39067
50563
55077
39926
23190
77014
78965
40163
18989
64411
26602
74997
32577
51248
64639
66266
74449
99716
92965
70135
20237
37235
12714
83113
80809
41123
15198
42633
51866
85679
11884
32221
39416
21033
65785
20574
83272
66709
30698
55352
37981
96835
34539
44617
23549
64616
50745
15473
50515
76950
77860
37547
92029
75224
16124
63220
80010
42407
90187
68255
17208
98676
14825
65109
33556
68690
15074
57773
19129
41321
17808
73056
78839
60741
53106
23094
47303
82543
46274
64876
62560
99982
56660
25506
85447
96965
28578
54652
83629
32389
38777
78940
66227
26647
23938
48994
13157
75385
99831
18162
38263
91421
66036
38227
21653
97878
52180
86344
37719
44836
47755
68514
37738
69917
33905
27885
92966
46355
43224
93902
22907
44285
44359
80934
69115
75305
61191
91430
31665
81916
68024
48953
94255
59513
91463
31658
55571
48152
21288
59789
93356
27441
42755
58196
14156
47515
17445
83988
35884
20574
98551
56494
62027
27043
61473
15296
29414
20191
73887
86470
96956
94343
37066
22171
20204
11462
37778
65867
77744
48721
95831
19354
47233
78256
47497
56799
36566
67950
43636
53746
30764
21371
89805
24900
38658
79945
40470
80302
53001
75193
43184
57131
43906
89740
37951
31884
48617
77728
66797
28815
76321
50873
66051
59855
17579
85999
32608
10112
29202
90923
58251
19668
16499
75096
90625
68106
63073
11356
27440
81955
60969
90893
66531
51406
93879
77162
55816
77903
30402
40784
87467
67228
54926
36480
64457
12080
82332
31395
63575
24679
17733
55376
36819
71323
36974
56457
80636
34643
55942
32860
74550
11981
32957
66339
72075
22986
46135
11323
41415
70764
71832
27260
92336
69051
83512
64926
12086
98473
30472
77586
27823
28278
58330
30818
14487
22048
20686
82766
61469
27779
92251
79274
69833
42295
22158
76669
59497
63544
52336
74003
12800
44680
84641
47682
73539
87214
26857
88987
82791
39226
47300
55953
57317
93948
83300
70679
72818
22126
39712
28665
21888
73428
80377
57356
92746
42284
77281
46063
99212
23740
62160
60073
39567
41226
51228
95113
22994
75318
12543
37283
64497
10317
37937
97537
22197
67468
83964
32936
99527
14866
97288
94371
90896
36689
27058
79548
35399
65363
90831
79663
76559
15403
84997
75869
73635
68056
61769
38107
71664
46161
72233
86945
98490
54517
21456
34751
28136
14996
21171
89742
41573
34247
55050
23897
44093
32818
10501
63872
87282
47651
77600
56198
36063
14878
83148
79436
27674
28442
45618
70061
20376
32284
93714
61745
38500
63185
31767
89813
25382
22644
84507
71536
78070
72294
18251
94174
70444
89136
38664
49668
72113
50720
99716
17201
47172
89712
40429
80515
38553
47397
35775
30278
86429
70281
33640
63421
57503
79765
22184
87537
29948
17699
41789
80992
71556
96000
53494
69909
49196
26191
35277
26191
62471
93457
69695
90445
19985
75487
91167
17420
43943
60420
62873
27402
71881
93364
14068
35691
53702
70159
98517
73188
24758
59186
46880
70886
34886
22001
52753
85595
82781
44346
33187
60358
58464
72122
41744
41747
68195
94952
22407
80093
72559
70420
90232
93588
77299
96773
57136
19035
75425
94675
44198
73890
56065
63782
59418
65172
32517
42832
94822
80979
59321
81468
77368
15311
93568
44829
65121
69678
87407
86376
62350
21505
11201
48086
51239
68575
15701
57518
93038
10971
75149
78130
43375
95290
21914
88079
99343
29576
19804
24048
87094
60387
63278
32794
77639
84088
64210
28600
12917
21934
65057
64910
23687
40453
76590
81824
84890
83633
15512
83330
88809
78573
55397
35331
66466
29532
38843
58382
75971
23845
57114
78213
22647
35314
50515
11570
60229
15386
30273
54301
30268
13224
93515
31614
94255
69571
77065
64486
93972
98829
16649
76391
10287
65187
87391
80779
16251
64702
51194
40971
83449
86353
44537
39443
69515
51292
71488
72053
88922
45674
48738
90785
10414
11950
23969
96761
75993
84519
68874
12101
21141
14719
26687
48430
92810
65871
87962
25032
14942
60661
43824
44328
41689
59251
44328
12972
72792
94455
16214
17038
33573
79322
92329
23058
76906
33507
78294
24226
67544
91729
91549
93296
50464
25758
11120
31213
95112
24117
79939
73633
80303
77200
61762
39627
61989
63248
22302
93356
70128
92458
43618
99087
92153
55199
11800
14122
54884
49787
79145
56536
54596
49517
83084
62245
37379
65470
84027
32769
93301
69101
55883
59999
68374
64161
75592
31807
81496
49408
32367
54995
77878
83268
65742
80049
47037
16932
99203
22890
41423
58958
87572
84612
44552
31667
55622
65436
31660
28724
61866
52341
91009
41950
71707
72460
86815
37161
23552
27067
96184
87282
23560
74798
21605
89318
23378
29106
55657
33697
76497
34023
44963
82123
31826
21168
41009
23472
47734
59433
87725
78170
97223
28013
49315
93141
14708
95645
64213
37123
95714
27844
43596
18940
93283
91057
28830
11124
17843
42003
63150
88554
12531
17025
63950
46353
44317
61710
63477
96994
33790
65159
50084
36391
69138
11417
80279
38126
45456
93697
70586
71819
36621
92509
73535
24204
75195
15411
71183
12584
69843
36919
79766
23606
52989
34110
74133
74549
45447
40044
85556
51590
45069
63453
79937
80892
97487
77615
79068
56819
44871
25412
63485
51109
19413
41552
99491
14102
58914
52191
39536
34107
36840
35397
92779
44346
21905
26618
99074
50480
30196
83639
18076
29770
94834
55558
82079
99176
31340
34632
90516
20676
95188
14374
65476
10834
36037
39254
15794
47498
50439
55348
30893
66310
49855
35589
37459
63404
47531
51573
34468
66115
95713
47344
37099
88265
25688
20381
48534
88636
59156
61114
16375
18876
31195
36618
62240
14156
40647
31794
26419
35396
19237
43663
95170
67051
21926
14445
17605
84123
82224
15436
55390
13901
49892
23057
62704
44546
85004
19351
17864
59361
55900
50421
42393
76339
99448
72648
66138
32986
92307
80208
38965
67923
85102
88227
10638
89100
31922
68159
24656
55320
26285
34905
92025
28995
46491
93705
84950
27243
95636
89291
46107
78174
40560
63669
78688
60610
41698
75668
48679
48769
36377
52812
59582
13432
10401
88435
18400
96870
66354
55398
19405
63656
53919
20840
63737
38975
88211
89151
60048
52892
30913
60448
74521
62686
35050
30489
71843
48774
79920
61367
11339
49132
71495
94271
69905
72273
43297
61482
68411
49159
85166
93313
42778
37199
49476
74555
37475
92708
29659
31998
73594
49385
72852
67783
62751
70566
51575
73017
68202
88127
89989
87065
91913
46399
25294
88489
17765
87867
31898
15743
31915
47770
79538
49312
56401
48063
18847
34782
80257
21710
11800
39515
66525
11284
16993
61216
48142
94334
77308
32947
52729
57862
29761
97720
34005
77706
26859
55347
66414
89456
87741
88686
19327
21925
37438
24571
54876
30427
64596
20244
54403
95974
89155
27914
43702
51023
10591
99268
62411
87701
75112
82194
87738
14378
42538
89314
11342
77022
46104
55273
66571
88523
95331
98598
13771
12484
81945
90794
36183
25630
48551
76493
67914
31876
91205
20743
49114
29033
15957
79609
63872
77060
72154
48241
16020
82422
62413
81709
93597
95362
20083
40465
42365
70080
16045
12520
49480
74973
44231
82007
82399
84041
67923
15249
22000
28365
85692
94147
50513
13822
81919
81924
66806
84039
60706
54776
72769
90916
49808
51374
30888
53278
19077
23744
51442
58661
65991
74413
13818
71027
39225
10714
39235
28743
94281
34095
12758
94169
49689
42400
12490
62908
17956
75800
31639
61639
51330
10270
41482
36437
90048
67086
50786
96616
90569
19095
35089
11921
76280
87711
88039
20679
81361
29473
60586
87516
93213
89623
36987
99312
37163
36519
64393
30832
74026
51878
12478
15886
35469
66569
85346
84339
86831
68581
34427
73389
24043
31449
63193
18968
95846
28190
34617
11799
74074
20282
10689
66818
72151
86515
22579
75503
65064
46574
50709
97845
89966
68293
95796
11266
38210
67198
48604
91287
76373
95756
38808
52506
36020
59558
84599
60896
58326
55210
96445
83453
48059
16751
89561
85421
42552
53740
30879
42183
92924
29466
95231
68726
73895
75856
27788
56602
46001
79805
27715
52283
73057
36364
32355
89480
45818
47153
54068
22236
41350
88092
40564
14430
16407
56332
38807
68173
42002
51746
46405
77438
24513
54524
58997
44097
39596
33977
38285
69864
86727
18239
40368
65464
75782
98590
75234
94426
94481
28281
38560
38482
42428
88556
98813
10792
70619
46594
12185
72743
69412
78581
55101
15452
95998
36024
90864
57953
32280
47700
29509
23889
39899
91748
46099
48637
77812
77226
72216
34875
20811
99624
62042
54310
60471
47756
54424
25316
16361
82497
81696
97296
97199
28589
21615
76541
26896
49101
30086
12420
61868
67088
47952
13810
29521
60409
84436
54950
94371
52292
57436
76765
84655
14453
56490
28332
42617
40503
76499
20197
47505
58675
36598
76685
93861
99302
10568
57960
93970
35264
38135
35310
88574
56672
11202
95296
92743
38195
62224
43619
26561
78490
60556
68697
70889
36581
92089
52805
88677
19892
40070
73012
40578
53729
53187
35517
19592
57758
39574
49600
50089
86307
66491
51711
74696
82125
64634
56616
43767
55050
70952
53182
64942
24620
83800
99318
99661
19306
65416
36009
73176
75238
56276
77587
59889
88076
60939
31863
66732
43330
78058
79390
67088
26820
41069
29519
77185
13643
70073
46115
24443
62382
78537
83789
67827
37596
53350
51012
25216
88511
31157
71050
45615
59493
88266
95853
36943
61801
76084
17846
16379
18712
15628
26408
75229
28522
56481
35964
75406
15206
31000
98582
21728
50916
78450
95896
33075
89861
12364
99822
24197
94094
13750
99671
94941
46851
72512
46626
73655
89702
75837
40905
64245
85120
66836
62606
53621
75321
12083
81136
53632
21509
47917
76679
21068
16330
26888
30009
26647
24849
36559
26446
49713
24422
57008
41804
98448
96623
74589
11776
83280
17067
90399
72990
99860
89416
21922
51493
50955
90373
86422
34316
21117
29186
17705
72120
68013
41355
54058
40951
52169
60814
47672
27710
82783
44933
27047
35858
37731
61895
65972
73261
50370
89563
59866
83333
90540
16487
97745
19415
86104
21368
91712
93757
72827
93188
27621
77745
64473
40277
85953
45545
74886
53689
90612
95313
92025
82887
87844
67910
11490
95127
68798
11295
15671
13951
24229
97289
19979
10722
26507
92740
69334
52154
80443
68608
16854
81688
15851
57098
72232
90033
76952
75619
28746
11182
62989
24069
26703
40207
53642
19134
49795
98278
70649
36291
53763
60643
88290
88923
24813
93979
36179
47260
40462
84544
14037
31988
35015
64326
65900
87414
68390
85776
68171
24294
45677
80350
68726
46788
95717
98202
89543
83735
96382
45085
15493
78475
74009
70471
29395
59093
83542
80075
96223
25532
45062
88421
28311
49388
43724
45298
67111
50342
82107
78825
14161
60560
71576
71970
24137
22826
22160
25754
73588
54993
21970
81925
82732
64163
14609
82781
53608
73273
77872
41315
83290
97170
90627
26450
71268
53303
80056
60595
73121
59526
26938
37109
97482
82445
75451
97611
18473
22088
35323
99832
63338
45770
58208
63016
49140
61864
86557
96906
57616
83480
34746
49239
30176
78991
11600
88452
33317
99951
59620
39710
32218
88407
91404
42467
62696
68188
71195
40961
70385
29076
56123
17255
33246
51020
72767
72279
77102
46179
19737
65383
78466
93618
62537
44983
72317
32404
67646
81705
51674
73558
91188
19901
27600
75460
76073
46091
44687
84280
36603
54288
72455
12879
22191
19946
14417
24259
99857
91672
90180
55308
66048
95385
98138
64270
84402
90033
69014
71976
85625
99495
86010
24653
45705
10196
33221
83382
95858
52695
23819
71589
61732
25273
91924
11798
68880
76966
66677
97222
41332
19635
12293
60654
16546
63995
53462
93295
86010
97666
95046
95895
59965
50096
35239
29503
94940
83295
12922
96690
94602
81645
65582
57306
40610
39584
81017
26008
63857
43860
94750
74185
54118
97342
60997
94381
86753
90049
23235
17987
84414
21574
24806
24582
29849
33355
14753
35625
78430
29501
13605
25827
46617
81004
72777
45635
13947
95395
28135
72216
24029
16075
81108
95533
93948
40641
16054
12616
43281
89418
78361
73667
79189
78201
51827
82715
96624
38318
88344
70915
61158
47675
21867
65475
20272
53528
76895
63908
17851
10968
49602
44323
27298
22701
10422
42221
66470
50439
86706
15147
86978
75243
84177
59470
98315
27801
77957
17217
38944
55605
41614
64750
99976
90029
57910
51957
41055
31527
48694
61629
86776
66223
99072
56686
19415
93339
58977
24726
55001
12871
55692
26894
98113
74915
56673
79671
72436
24907
11943
36536
59647
22689
56615
27150
64382
11512
71943
77712
39027
48650
60163
62505
69330
17481
39263
61849
65570
97417
87127
52230
92764
65352
12771
69008
92295
62692
21256
66990
22793
54317
27295
26496
12451
34163
76326
26921
72770
21705
13501
45983
75595
16954
19518
63435
50675
33857
38615
24026
15932
17957
26956
62805
81768
51353
42520
59338
90680
38701
90008
35356
42214
80119
19945
60888
16995
27947
81913
26398
28908
62635
98228
32561
64057
85901
71476
63741
72605
36962
24438
81681
87752
77340
12855
60444
80556
20594
48920
34948
92371
46206
22077
85469
17779
19520
20951
58963
99058
44442
68926
53959
96948
56422
80503
97130
76971
56108
30910
65923
63059
32267
33320
28765
52856
10178
26342
99136
21196
32534
80045
95970
63545
25115
93425
22591
14488
26417
36523
75080
80296
36123
17764
24673
23495
75386
44992
71239
51447
76119
47662
86467
53727
94699
79460
26592
66892
57086
91854
63666
53061
97562
10354
59916
16745
21700
58323
90164
43962
21494
93578
94013
61442
58538
26754
66689
27557
72655
95565
34705
23824
61762
72748
87965
28388
77641
62123
46879
70372
23808
50143
95692
13709
38287
27528
18442
68439
57997
24606
77813
76603
91456
77686
44627
21373
88501
61029
13783
46759
80927
40053
85289
64038
38229
26746
43057
72309
12443
31782
42282
22443
46901
55664
17114
37541
31158
93570
95984
88028
32458
49949
32022
73018
27303
29897
11711
62856
66704
11469
97632
61646
30270
75278
44384
98645
16005
15134
31329
39908
76647
22598
39825
98166
77232
88579
41843
90792
61739
18248
86282
31015
53706
84693
96613
12773
30614
97027
35028
45121
94711
87825
89477
68320
24078
91835
39171
79891
62872
18283
28687
48291
87525
91988
34796
11654
49162
98678
52632
73305
84103
87376
19085
48423
55277
95142
82529
64065
46838
92929
68236
58744
59887
29016
78928
26871
54467
57719
29683
70752
80397
92441
89629
47885
41814
24042
93881
29826
29841
51194
14157
72420
60430
84319
34827
61859
32574
56844
65380
68852
84278
42506
86005
38447
69410
11162
67012
94280
64409
81146
72296
51033
85110
45715
92515
43926
12781
56990
59689
13535
94577
56782
94814
20479
78631
25721
73684
88224
97559
34915
83461
65238
70010
80543
22436
68478
93894
82392
54357
22313
40989
75996
18313
14871
75431
14831
23323
35075
23586
95254
89884
91747
86686
40974
39659
38889
76537
60486
59428
38093
53380
70014
41942
83153
89103
33557
55140
86171
33528
21360
55165
20464
74094
10828
60145
35387
38183
23982
48030
25515
81068
41870
36715
11755
32486
29459
78390
90380
89901
10778
86632
37947
53104
52412
12070
45166
59759
65842
37029
80190
10606
72724
90994
61246
77340
21012
35124
46592
36993
59974
35645
68550
58569
88813
10061
98732
49713
72205
23139
85927
66552
76854
61487
37080
67934
55386
15241
56037
34235
64345
55777
40951
32797
42059
92624
11801
92748
22958
90278
14763
97619
47784
99527
90606
49014
21194
39415
13323
89075
41244
97301
51682
38882
63262
76710
10151
36864
83598
85385
17658
39817
28925
52392
21131
59801
53804
58375
73781
70472
73807
59192
12997
52646
97696
63383
72380
97943
77896
16818
20631
90536
28853
56397
53633
22258
15634
18179
20502
40092
21648
36827
54808
79091
31139
46356
82136
47469
89068
75598
29003
34365
69882
46529
90003
19263
42473
24483
56967
91984
44688
33667
27591
34852
77792
91712
87577
61394
57939
34656
46099
58960
71028
11710
18860
90058
42224
47521
51310
78535
49307
83458
80079
96069
57337
14916
64578
45991
91548
16581
32368
37270
65586
58371
52011
48934
64044
45394
53698
53913
67421
14043
59354
17361
26796
32330
35419
44438
43013
59555
91452
86952
51354
50622
20961
92398
48284
14050
18427
30444
66902
98649
17799
42428
80804
16421
25464
13245
87188
63675
86763
13753
24893
10083
75519
50140
80859
46087
23256
65048
16932
79257
96479
90955
76071
43487
52132
30710
29115
34791
71585
41334
33211
80722
12752
39389
32301
34519
57427
37449
12264
72583
85900
31638
19722
83505
94516
27580
90170
87249
62671
40724
45318
99993
61098
79876
83631
29777
43336
12855
41795
97527
95873
50733
59250
70419
46582
22839
60515
74592
50181
49401
26381
22096
22110
27141
81052
28581
59753
26465
90822
54121
64679
85693
32548
71688
71709
85405
57213
86989
76391
46721
41087
54235
98414
40990
89555
57923
91260
64639
80664
32218
76925
35173
10155
51204
24736
60792
66738
41420
82871
55219
95849
44242
27345
24741
91155
67448
93409
10008
83326
56063
61126
95634
58653
31347
81472
80729
33193
86255
68266
83132
88742
37871
31091
47979
86943
26215
91297
43294
99805
86337
12102
39367
84752
19892
57561
18421
21009
20512
64439
33445
66673
50458
86191
22262
34427
79657
50285
70872
11839
85167
20121
29076
43028
61988
29965
37433
86946
67643
29327
83783
21307
27023
77420
28927
51359
15778
13778
69170
93713
11857
58462
26799
31993
43134
80142
54310
67193
92990
50879
82038
84478
39007
41435
37244
57169
61148
79575
11475
97825
39704
81217
98681
10388
77140
56505
61640
74047
94352
39691
10668
35067
10182
61317
22341
24982
30829
38516
15281
23933
73436
60433
21409
58450
28895
52237
75475
30553
32684
22009
97398
10992
82677
28123
15779
32996
71274
18907
42947
10118
24913
82298
60733
59075
36344
69377
41334
29712
10123
56628
26159
77489
19518
94743
93830
29266
89923
13684
92930
61875
37352
71842
16944
39440
91335
77619
93397
79785
56675
38330
18579
40792
77271
85056
10781
62066
54365
66319
96893
94451
96167
92967
65826
55288
81919
33258
25067
89382
52869
71237
30169
96653
60594
77398
93992
83813
56809
10092
19895
84762
59890
20378
16697
51084
24395
32076
26078
27919
84144
91341
36826
44126
98312
29394
72166
42144
56499
52618
61895
33124
27484
17015
89936
26337
13030
48104
37782
38515
93628
18356
14065
32369
60610
13930
96698
91708
21776
38862
59309
27989
18333
50864
11149
83477
33583
68433
99189
50200
76599
23811
70836
26558
19909
26093
67799
44623
22045
20698
39122
86305
73118
27084
75564
58151
46992
78450
14096
95194
72919
26594
46117
82434
47118
20851
49688
29625
53308
37403
99511
93196
48905
16702
54805
22612
31413
60767
11723
63373
87800
83432
49571
34043
44989
48770
97871
69815
13020
87181
15761
35816
82820
89253
96653
62329
15453
32251
38102
36985
95978
12646
71063
68956
59396
93222
86618
79037
81152
54344
86178
35650
85101
48993
94949
57572
60298
38736
10495
43634
99687
36231
42945
59641
99199
50131
46825
15023
12710
42141
62899
38923
56012
58221
79478
72710
31481
81963
61457
87945
11291
85587
70346
45286
41433
62896
40859
15950
74538
23202
58636
81729
19610
55294
24691
14727
92153
78721
38138
92684
25778
16095
91208
14380
52654
39631
50344
69875
37870
52353
34800
27542
14479
29072
36435
25319
51467
10848
88417
15022
87265
50434
25706
65331
70611
11272
20913
97573
94904
63463
23804
96259
65334
46849
71936
22472
89657
32387
68334
98149
13404
34727
83637
31431
42401
76232
80124
60029
28031
21907
67947
15647
88565
15074
83098
86296
95260
98158
78170
45747
35169
79339
80562
45818
84104
78905
65191
49892
36941
56969
36680
77244
10533
61500
94076
82336
12124
45957
14210
32487
67063
85754
70672
39353
85450
75534
68781
38231
47376
97391
77844
79456
11706
32507
52104
19420
83766
23159
88018
86305
91982
46599
78496
84997
75896
52143
86003
68652
94610
35919
59265
66502
48654
15382
96672
93845
70225
70722
73794
52793
84853
65415
63870
81757
16246
80199
11472
65926
97766
52219
62742
16143
46477
43660
21606
80152
32483
57026
69004
95314
88350
55595
53415
14614
38699
26613
45760
21943
72526
80796
49998
18433
75099
98397
89999
59509
10111
89652
35127
20311
43216
57579
84027
33875
31147
27358
80080
58338
72001
79031
31864
28196
70911
31306
50690
33688
50614
78684
12289
13408
60263
35837
72309
37778
49723
64510
78466
35208
32522
63401
49726
36274
56601
49457
10583
20168
38259
70635
68311
93156
19253
29897
77669
33489
76892
41804
88106
86935
59605
63048
95518
25164
44639
95194
20671
11505
26711
69528
74928
96838
64704
74165
93260
44687
10622
56000
67667
25527
44320
69740
25302
34703
51175
49398
57560
54509
43688
19078
76716
73101
38236
96288
70287
25173
40923
58941
89855
58000
10716
37345
63364
46021
94920
57168
80856
45251
21315
22793
20513
18607
95722
18060
61584
13051
36274
13581
67371
89684
20912
22215
56433
84370
29971
51171
21137
51782
48579
18470
23206
13538
20156
53680
99984
66633
80908
61694
31250
14614
56768
94864
23264
74382
95657
88709
25864
74254
57206
13067
26095
40293
12612
69014
59780
92946
87240
20096
35547
51411
42168
46556
13939
72881
10887
67636
82863
66445
55349
17363
31798
55929
59865
79735
73131
89295
62817
39448
29129
82270
27962
85678
11422
94947
67493
38655
40664
61243
46137
96929
20822
10708
91728
89815
11351
23276
49342
24536
92833
53398
11656
48250
62888
20493
88992
53115
21761
74322
44056
83354
52316
42151
40028
65544
53481
47476
29394
22994
82457
50373
69302
98227
96445
96811
29889
83977
59551
64487
33257
74293
68407
76373
66256
78149
56083
16543
64505
17709
32327
64908
14375
83797
37283
48536
46481
92353
51367
17220
39056
30384
59576
94827
16479
29183
15604
21913
59880
70355
69067
26152
66496
61767
59220
15842
54539
40136
76747
24602
69377
23898
18998
56733
56236
45909
10447
88527
58851
26704
77805
17201
40998
38311
43825
29483
30871
77416
19243
74701
81713
48201
72402
20152
99456
88764
94897
54053
81300
48718
78679
88705
39334
47251
30156
42624
21847
77975
41143
23893
95656
64848
52047
65779
86347
19061
46490
66697
39717
62617
93385
27299
27855
44204
11745
73532
42319
54674
37524
25566
91495
89077
35051
71037
13916
57166
10567
84259
54160
52381
12265
24073
80490
54440
94308
30154
20890
22809
57098
49916
35047
23417
40382
78383
17504
86245
98870
76210
86887
46022
80974
80049
46063
62346
80703
35854
20474
91896
12257
43386
49091
68311
57792
82676
15604
25310
43093
43912
60326
90036
27360
59177
23160
56072
81387
80671
60488
77474
89939
75708
23377
71716
52183
22104
92144
22413
27790
38526
43187
83278
23128
46123
83926
18504
39683
59638
79108
69930
19520
29295
54242
60690
20964
95589
22335
56983
18940
56379
75200
28645
49009
10285
31000
87009
21820
99001
25512
42680
66227
10378
58838
63293
85922
36091
89453
93898
77152
98650
66259
58627
63509
89656
88746
70968
91599
99572
93549
35203
63670
38100
50580
17845
87775
14365
48391
56128
90497
99232
12947
70383
15175
82112
59353
47943
35238
47783
32424
65585
78428
73928
36228
82007
27273
17648
57834
68957
67605
45794
15397
21863
51504
16028
14245
25499
45753
57511
87132
95279
47045
76913
35962
38330
76879
37850
11261
46766
23366
40379
22989
66774
60716
78541
68734
57827
61308
59185
24377
17916
26947
70702
78717
94513
83770
19715
37497
71861
98257
51852
89146
68689
73668
55320
76421
52527
20517
30899
25714
23940
74899
81569
99923
81612
17535
93940
79880
56253
97639
89647
57368
77970
64999
84632
70726
99557
35538
13716
82292
20244
94890
37758
45659
11607
23346
69253
95111
22876
65490
76387
94131
60937
13452
17444
71800
42055
36200
82903
22393
38567
83603
21148
66413
45456
45368
47362
44133
89924
82783
31296
12964
78145
31595
32806
36493
94631
38707
96616
98001
14436
34250
92876
40790
46678
81930
99271
74454
64928
38975
11095
33179
73894
87809
71035
85813
50429
68987
23506
41342
28765
65709
22748
36114
83772
68292
48766
60062
62795
54150
50181
26326
96977
71317
56472
39932
42503
92399
11655
43512
54661
98020
49263
43291
87213
14088
64948
34626
62150
64006
28122
58015
94880
97363
90319
38285
53300
76329
82271
73249
16543
73870
28735
40012
55540
96327
22895
90892
74218
84558
86603
41686
40922
70166
11706
28314
30769
57388
58266
68585
23110
93195
62794
90606
44396
16225
75421
52072
34168
95358
32812
21816
66640
96259
41973
93515
73739
67237
76021
26233
29921
11115
78040
41748
37910
81823
29364
40374
59044
78783
54292
17585
61485
34988
42473
42271
69938
24872
23292
61598
85855
40939
34734
46002
64373
19086
32395
75815
84239
39016
27725
52815
82404
59416
99783
96216
24593
54714
51748
47048
63711
12605
49389
86309
54927
52461
24883
42541
40592
85012
23843
74473
78688
52037
87170
84474
17957
73192
89770
82495
98507
13062
10865
81095
64383
72253
85954
55735
23135
85349
80539
86876
26962
62489
87231
85228
51951
91657
23452
57600
58501
37170
41414
14494
73414
30486
40132
13185
17847
63699
69608
74017
65412
61424
19482
85570
51594
90627
49893
30670
95954
65542
77015
60858
19591
63142
85170
83201
37053
53764
29802
33619
99230
21336
10244
31078
82963
36484
66598
78010
32783
58958
33207
30025
50750
83778
31960
27848
45235
32588
68728
60015
58548
67435
63265
69630
77150
16807
79720
87496
86190
99053
42239
38816
70199
38744
28594
55135
63820
77628
97267
31810
44050
27348
85708
67949
50042
42410
36103
57974
11393
77130
23936
17588
28195
17749
27369
48159
41226
80840
43335
66556
17619
96956
33927
77458
77703
55201
94976
28973
14813
22624
65148
32981
98179
25886
21002
26501
39564
62724
91028
45775
43160
78755
22872
63890
95607
39447
52515
62753
71880
90026
56761
25441
81088
30995
99995
51731
43817
55913
75314
49314
39743
48064
58113
30211
14137
70931
65644
11793
10109
10465
69673
54079
28877
60351
71024
86419
53722
34570
63856
69844
16986
25467
61175
61718
40586
89578
74692
12055
10799
79196
48689
43696
66376
37205
49492
27230
27238
89007
89092
72652
75798
27179
33336
52559
37078
16296
79531
88381
59854
90402
41956
56704
30709
16268
76678
45999
37140
23719
62607
83013
44855
27506
87785
97557
64913
81288
74170
18584
45298
87891
65436
61248
27821
78820
50653
83709
43656
52716
88592
56454
32600
62822
24326
70996
32214
93043
30501
84997
84137
22720
10220
48037
43940
35487
21183
30476
23373
93346
95772
72232
92252
61453
19850
97644
13918
46630
43345
83781
21065
64315
40096
91686
58924
55181
74790
21476
86602
83182
53828
25243
23967
86751
70457
64568
58732
22916
73799
43005
28359
91148
92473
76740
75291
22240
40124
57209
26730
46519
41241
38033
27720
20044
90732
21887
31279
58992
36402
13229
22561
40634
38208
69795
83883
34923
29752
93185
51261
83496
41746
89802
92953
97492
79328
62215
86586
82557
46006
43056
15571
55456
47004
10799
86509
38319
30254
64724
57654
48891
58688
61699
99961
88481
66173
57816
27967
52210
35351
26194
71018
91476
96036
58496
50525
49056
89384
75376
35177
28969
13283
93886
48760
35604
29609
52707
43012
13413
62143
76773
33654
57749
46444
45577
61116
40579
61355
28253
96762
61922
71606
82832
83767
42563
66807
98421
66826
78020
22258
20505
22000
12227
64026
51287
37706
78668
62709
47608
78126
26183
57579
58658
78373
82043
51156
17168
66292
28278
68997
95745
56178
58518
44415
58471
38659
62098
80552
67316
83471
25184
99694
56129
17903
84442
91899
46955
91688
28696
93396
89740
94388
35166
78879
61007
46931
96217
31024
32578
32917
59250
83239
65432
83125
55894
85024
14828
59089
10571
29005
81980
33836
90630
94743
74401
80797
40264
84802
28497
51733
69624
73002
38867
64861
41069
65859
39368
50746
39964
41289
60281
40378
22656
79858
77790
71925
80413
98051
29414
94003
99425
23727
95179
76242
26931
82160
35928
50882
83331
32379
68657
77131
78959
30313
74018
69276
17235
65678
83892
24591
44215
93903
45041
29189
21780
31257
73982
62296
22975
27231
51883
79171
69969
15873
13487
46831
47537
18451
48160
38662
55251
87093
47292
73635
34124
22626
14721
84436
62429
39037
73612
63230
32365
39533
44402
71943
35277
62283
49514
42810
77679
15720
23813
87000
32996
52800
63244
76906
98919
15370
63725
94158
24370
44686
79495
65774
51363
50131
89356
77739
15489
10354
75570
81637
30354
48937
58504
51175
82008
19171
40103
67734
85559
16565
77843
70791
24866
45443
38895
97087
89922
30661
76999
42131
37227
84484
22109
92458
38644
15011
93079
46949
69561
73686
62644
41111
80348
30220
43176
24845
91666
64227
41781
41091
46014
14576
66552
24509
85634
76008
79370
19849
69785
78527
77659
80763
12413
90743
52821
75469
76698
43708
92567
22354
22837
11764
53163
86848
75196
87857
57134
79920
80926
96816
73495
68247
73542
11463
31591
83398
71961
48425
67373
55105
98274
71036
53214
55265
43103
11894
21756
94958
43940
73676
26144
87677
14057
73714
88458
70228
35934
16270
18762
41283
98964
79829
24186
89144
70171
89815
48486
46536
50251
53917
76571
24816
37748
61524
67360
36763
99072
96254
89129
27626
64638
60100
84477
69775
29355
84465
93169
20036
45777
37414
67391
13254
28588
70000
38610
61367
99450
59524
49382
23871
83520
10723
83230
28452
23707
62944
24856
91589
20220
23464
39170
68056
78661
82135
23634
46957
57260
30246
32296
53064
42647
27598
74966
18434
71925
99804
65512
53350
62722
60335
44511
31957
25538
18189
72065
62114
91947
21337
12679
45290
11969
35323
27738
11864
86719
60332
96521
56878
24705
97779
59153
28056
54630
53665
69944
76327
96036
25580
89396
46121
80893
20214
79112
89190
81637
61003
40170
46568
66848
81741
60639
60357
39298
77423
72677
42100
71815
69099
18465
32067
63468
64035
71059
94836
90457
17545
43454
95876
15356
55640
48289
13404
23870
20077
44488
15000
19398
19222
14136
86990
14765
82815
95909
11490
45953
78139
54432
21372
48414
34443
12141
54157
99956
44022
50330
53389
36162
37470
63756
40548
63146
37689
38644
99311
39766
13391
40780
10333
70231
55053
24633
60385
94795
16081
93701
95193
86997
90509
95832
74068
12167
93420
14336
80709
50215
24291
43132
67036
62872
95050
94646
39029
31679
70324
28107
90238
91247
78503
48870
91420
39706
75190
17413
50215
94380
13043
65628
50179
22286
32307
51724
31048
67027
98344
81967
34633
75447
23023
70129
21436
16927
47187
95922
55136
77387
38280
61370
69886
68178
25589
12893
52376
26627
50026
72996
33430
62808
13058
16570
45770
69661
98851
55213
96552
85036
98685
64783
25101
76994
87637
50034
24917
13053
50492
42655
39660
16678
72066
52441
80711
81920
29128
65915
52359
14189
83484
27458
47563
27706
41753
55604
42770
82123
68191
46017
60521
76895
82317
40481
83094
51704
19185
92049
39326
67241
75067
98387
89494
88845
68338
72846
81478
76938
92179
53869
14974
25620
58713
26256
24221
42695
70161
33195
41507
12161
11185
91820
51168
15317
67406
27797
19175
93783
12001
55605
38806
97189
37696
86180
30928
90386
54337
18363
53045
69414
19905
88395
68943
40873
56178
83155
90918
19602
54076
38613
40197
10519
19545
69559
69123
49497
24736
33386
92614
76934
73883
59887
94997
44009
69135
43249
61924
16342
23497
55281
70828
56964
95500
70143
58115
52542
50939
20019
35990
94654
90183
65128
78811
15060
37550
55940
53408
80104
47119
96242
33012
99551
65858
36399
30084
90262
65726
88659
21877
58890
30837
78992
70742
71172
72890
78465
88942
31430
74531
71092
58392
24929
58814
82791
76671
51823
74300
12576
24163
31338
15369
69755
76145
40381
10780
15432
14141
81250
89739
14399
70089
74611
41357
60368
58078
36813
29846
98372
33232
65200
19127
41423
45666
29166
94363
54979
84586
79109
58512
68985
51252
31511
92058
81759
58264
94948
68993
15933
36026
26089
35077
83024
26899
38397
91127
13067
10734
96230
18144
42211
36752
19945
83974
10161
39823
95886
20582
63730
60146
75817
93732
46339
56014
84278
80640
88060
60550
37557
38781
24369
42033
59617
26438
88642
60361
56768
83856
59691
66315
50922
62251
22331
86119
20300
46044
40621
29613
84053
86373
15027
84288
39400
49418
34310
23445
68168
76700
79580
37497
15148
20218
28857
41638
26728
94492
31558
61842
27477
55831
30914
35904
94743
46205
10514
84041
88967
72469
12458
64594
75298
87705
50102
94559
92304
11620
65590
87353
18884
34106
13023
64298
20435
57801
45444
78204
87319
73792
47654
27969
67134
77984
28527
29466
61468
98790
18938
95231
61467
73546
37232
96876
88860
83232
24108
85407
21324
60747
26912
10907
99505
52747
45177
67107
50845
75190
80622
31424
11981
24911
52950
18588
48813
74415
55980
79090
42710
88168
25681
79979
21212
61434
29293
61550
27166
65803
91150
42050
36640
70902
51566
48773
24270
30800
33017
53681
69203
21437
78569
42694
58496
71737
58072
65578
57519
77201
89761
90108
34190
73600
55137
15514
90406
27310
62777
96325
96711
13956
76233
77371
32147
26582
65612
39089
81047
64612
69464
89959
61372
50536
56034
55532
78667
78532
35476
97900
17398
31521
28130
99151
80529
19018
26782
84705
77924
34630
31905
80750
27016
72701
80316
90352
67140
77866
20139
68032
33140
73909
77360
29192
54413
57414
93189
94166
53441
59493
73844
78907
68953
23810
70176
75790
93583
10996
84388
91030
90930
10005
90970
20856
70339
91852
92821
41371
85992
33250
62424
42559
64836
16290
64773
42202
63761
47891
74174
59887
65693
45530
63891
44322
72238
30957
35331
64849
62206
25032
45204
79683
35663
46399
72938
82308
39197
83482
41614
50413
38754
89602
82930
49892
71945
46004
73741
92790
49228
26102
70546
50150
22751
70755
22031
39289
34771
82999
30132
34411
83804
19815
62848
59072
94419
53341
39552
24982
10750
93565
80912
41095
85762
32524
12914
18673
28424
70732
73993
65834
41445
39464
71799
58349
70725
88713
96548
68487
41187
65184
83026
61252
61391
60388
83693
94015
28627
46648
23816
89318
37402
89627
63859
10961
68076
50514
25808
63328
17513
75234
92996
90597
18755
93249
15175
18557
70085
39145
97956
27521
70431
39396
18037
99759
28054
68565
11019
55090
39148
89501
57692
71767
30090
17867
53522
74164
43368
45438
73472
82296
59993
83083
91131
74645
82905
57965
38683
19725
71874
24481
17826
34390
71641
77691
29700
59630
83818
37150
42772
71564
14953
89382
52260
94185
56871
46671
97060
65619
73165
62100
15463
56150
96386
84428
87975
58244
96161
52623
39353
46345
32154
45967
58940
96365
55489
82799
77242
44351
46219
89161
37682
16643
97539
38038
69472
25366
63777
86151
69582
30966
54213
81682
43676
45250
45500
16833
17388
44376
32108
67317
36816
19442
57656
63726
18998
55141
34816
31079
94482
84847
52237
26297
75047
74435
14069
92466
48260
33781
27923
62894
84698
64767
90679
33495
74871
19593
54024
62808
43689
33744
15539
31939
83580
79758
62637
25520
56100
45646
48587
30611
89429
56941
77550
85023
11080
94658
85988
42635
99408
18651
86283
95585
79577
58996
13574
22460
87771
93671
65299
78269
51332
88762
72871
60895
17383
90516
65486
73806
23580
37534
35660
35228
98894
83149
94770
97577
69672
26146
11164
55163
68565
86793
70570
26380
43825
53991
11076
61119
85140
76486
75820
76052
76098
54049
63105
64207
60210
48729
68276
86336
14643
66665
49030
26326
65600
93820
54459
87295
48954
74414
93999
51237
79670
92852
51659
12377
71112
95245
93522
48747
71873
21591
68084
60090
48112
79782
39728
90364
66293
67853
78315
14163
57567
34536
84571
35693
48620
25783
56711
64037
78994
45733
13290
47089
63120
13141
38505
72091
97179
58440
78966
60546
30780
28213
77664
51472
19412
67911
31748
61749
40022
94779
99813
60344
26815
92790
47828
64525
96588
42717
35492
65636
64332
68323
76531
75105
24419
47761
95750
89693
11762
41121
79086
97694
58815
89473
23135
30094
86185
99498
14762
61927
95287
42126
79235
64677
92767
33046
18745
89974
30513
28747
88622
77720
26537
91466
50110
79149
81627
80721
83583
55924
33322
96299
33089
72227
91655
35335
13868
27122
94433
73492
58396
16248
40952
84646
92161
21012
66641
75660
32262
54095
97839
63966
52958
26944
66305
98318
98101
54247
69146
28828
26946
29005
53565
25018
67059
33146
32825
55081
63669
21100
36789
96952
19014
86341
83375
93781
35205
21693
64971
86188
50848
26204
86754
84428
30909
10657
29609
68896
43794
26630
86145
87247
52554
38960
18194
56026
90470
57534
71226
12754
44369
95321
86657
87461
11190
90502
94557
24709
54201
85948
99735
70077
66383
59432
70966
18126
94113
61630
93188
59640
71192
95198
23437
15563
26818
49419
79658
71648
59678
96804
93686
76337
40814
85140
19642
36292
15051
36035
97525
61204
93631
23120
11298
20680
33194
28434
33491
44410
56714
42576
86103
27837
36016
82555
52496
98842
35294
25013
34235
66379
88581
40018
98211
82576
74853
60789
61002
86862
99034
60256
78637
87759
14420
90785
73177
34935
57775
19232
32913
69116
48636
84048
21196
31604
72587
18723
29393
22471
82541
94735
87899
51651
33511
93086
51816
52029
80530
87500
85758
64536
23550
25412
37142
55355
96657
35930
24476
16640
18137
89173
54020
20216
88544
96716
70144
94583
95551
99623
30141
40931
85071
76577
40227
89328
59082
96335
64693
74316
90078
94876
90481
29458
96193
98373
97813
47845
88644
26294
39193
26138
62122
61145
70105
47457
35161
87849
54830
50221
54578
69120
48592
65999
12094
20888
34655
18405
84878
96262
72236
42466
76203
50100
28379
84137
46752
99304
70339
95234
78778
45308
13080
41565
50380
50111
45245
75808
29624
20973
18080
78703
72963
79414
42453
83444
42392
61806
10679
34222
55933
60247
69891
65140
47690
98380
64766
56484
10469
24331
21774
45662
17025
58885
53057
19569
49819
85015
59398
69954
58045
71294
96461
35181
91503
97249
65291
19227
38278
68841
94862
90707
72599
85051
37740
74226
22568
45892
56467
62226
12839
11739
69832
49444
84440
41631
53326
13211
45990
60391
31310
48477
19573
34565
61359
47674
77127
60783
26354
47987
85137
94153
58941
30294
72552
52519
28805
13230
15134
91217
86562
36982
90893
93019
27656
97722
56911
75499
54611
57559
97196
21300
34762
97509
79152
68534
44859
45126
63163
63433
86051
72432
24558
43710
78911
95645
76830
43276
88823
57211
99166
42930
79843
50540
97099
29291
27680
81297
66131
88014
60178
20648
59175
47579
57432
75674
49781
82123
42445
75404
62565
49100
62287
72489
47524
25545
56049
47709
66584
21459
14514
10870
45086
43540
61046
17424
12744
54788
22475
75152
55195
24493
44914
80407
11035
77764
19867
51087
93977
42798
82923
89058
63627
67231
63562
10920
83833
33728
96176
54183
79502
44219
24016
49915
44087
46815
17505
80014
62487
52481
40831
23836
30562
97791
70116
30994
70791
25426
92249
55952
43235
69671
70035
83613
17913
30583
65462
20571
61088
93177
16141
39713
95913
64115
35876
75033
75054
76650
82492
98801
53129
63936
58762
99169
27811
28679
55157
49337
37014
96073
78229
67752
48164
35572
66780
29000
68126
34962
69802
51699
90037
26666
29158
34127
41009
15366
18169
20241
16393
88739
56296
45965
53849
26598
21224
91143
57371
62560
89620
99785
75663
36199
26480
74456
34147
65260
67566
25528
81969
41818
20215
58872
77220
33526
38823
59644
71842
27531
49566
30448
81071
76705
28584
82780
55143
56063
15797
92231
82895
37901
35995
93959
54123
58532
58942
37805
18789
72504
87424
11591
33514
13107
31782
21501
68359
82220
93945
53193
52482
44357
74396
29251
57303
92934
12999
77172
41897
95249
87646
84846
13060
40520
44840
51664
57221
96373
55402
14736
59225
40750
80780
58586
82482
48972
97415
17752
54949
82624
47951
95508
90042
19514
74466
76020
30634
36590
97393
66169
88354
68468
32786
52918
84995
85650
37960
63228
21505
44468
40623
53627
65701
91484
48543
33024
89445
29569
90107
65510
60610
62970
24275
54173
48412
89874
65691
26654
19450
84900
50148
40537
95775
88900
52355
70820
75702
46752
62304
66262
66246
54948
93342
85315
17008
54367
90921
45513
13831
95935
59385
60012
90541
91450
56666
56531
88491
72074
36190
85500
57155
70350
30940
18686
24897
61123
79593
52935
91095
48316
21835
55201
68449
70243
44574
28273
17064
95757
36074
22958
41799
90071
95861
83306
59103
76317
42878
69099
15084
73285
30490
20837
75396
11961
59374
31253
21625
52615
23162
45327
40137
88659
79477
32157
78032
62447
41070
50107
26637
24218
67084
97917
67994
42386
55501
10758
92861
17226
55715
57716
84198
19710
26001
43962
70110
46682
95261
57518
23525
14478
25195
87618
62127
12421
54821
43765
38181
34374
80906
38605
88673
70211
38274
86381
21271
86418
46916
53095
54411
34557
56449
36132
82510
68452
63654
58695
11388
57977
67922
87562
73555
93710
76238
63392
84679
38707
85402
72049
59003
77538
66077
26492
76946
61085
92986
98875
30740
75676
93385
53069
22388
34621
53226
64485
96520
37276
57854
14268
50499
38714
55538
43371
79919
11557
88139
94356
79877
58632
96230
42287
67576
27428
73533
69033
86779
57973
46518
67960
31132
71340
98845
88612
10370
70702
15393
31023
36661
10923
26989
26914
16382
94786
37290
20787
19223
88719
92474
57511
75055
23266
15800
84145
34276
32372
52545
78606
48457
22113
63081
91673
61625
50638
99202
17866
92268
31635
13708
43600
84852
50636
81244
41674
95833
26465
13791
58064
91252
61219
23557
64080
68549
33242
76571
67392
81097
60448
92737
96475
42006
62986
79621
18191
99868
14007
47832
84760
31961
79512
24857
42426
94252
55389
46284
39476
58628
22691
80316
58879
34538
10764
19449
88485
35361
36815
19875
87024
92208
94726
66137
86537
61357
23519
99295
29581
77287
84693
30767
99770
98132
89872
61047
29625
52742
25571
80163
28720
79308
49925
86036
47834
95911
35981
61950
57691
29559
75669
33614
64744
29775
34466
96108
45113
73547
82251
30482
99117
30823
92845
45772
19215
95553
54050
84872
52584
58993
61229
80537
47459
89907
36177
15553
88727
28594
44790
83996
56963
15478
95880
32429
80187
41379
72120
13459
93527
55441
22981
50110
50561
27143
26715
66255
28540
67270
94982
95509
32725
26717
38438
27908
80722
82108
84347
99357
38513
47391
99658
40660
88218
14575
38739
56124
18220
58986
74834
16079
66356
87556
30640
59382
86123
97790
71241
30080
40706
16697
79932
66997
68983
91343
44930
15913
87740
27997
14138
67378
52502
82974
95922
46697
30642
12058
87948
94914
59537
49733
65716
90435
33913
38934
29298
90475
14781
31910
81790
39527
64239
96818
95833
41711
36032
59161
97420
87595
91191
17780
50667
14919
10535
45636
59342
97085
62543
55041
60829
94848
32308
51761
21824
92340
39113
67666
80703
69971
93106
12126
84625
47455
97693
11848
12223
72498
18129
89377
67458
63154
21902
88406
99600
86036
11755
12897
78016
49739
61327
42819
52353
85013
34569
38922
55373
24615
88392
79613
85450
70497
16631
97252
61702
93262
51275
35176
99161
90869
59657
62815
65840
55564
86041
13501
39775
30756
58722
79729
62110
27011
22178
77476
79300
23980
26634
29137
75565
50937
56190
96518
93528
59473
17023
36758
45834
86129
80867
41435
19407
21610
91642
37256
79986
99906
47886
18459
29166
73547
33559
28759
88310
51901
65724
64050
28613
63787
87114
23859
28102
95932
94307
80736
99200
12118
11039
60351
88960
43051
50512
27899
35162
11132
84259
92030
15929
67407
76185
98943
76729
35711
23777
92129
85802
77354
80025
35347
52226
24217
92738
85723
88962
86648
21417
64984
40170
96003
85601
92078
41501
51960
47497
61536
77696
61399
82517
16124
17716
53729
57432
54677
87340
52733
16128
44281
49723
14693
39563
31734
26908
57025
10337
34345
52887
48898
23584
83443
54365
86723
56643
68266
56199
29709
74260
92298
47328
77075
12618
25411
45149
48777
38242
79927
18893
39195
15167
96572
14301
18688
35227
88202
74842
90110
21072
49742
42218
39353
70543
75473
34088
25908
89140
15879
94126
21433
32639
12432
73485
22073
82185
40408
88989
14707
20780
23328
97642
69936
64855
39886
27506
62581
17966
23975
86500
28008
23917
74853
95354
68425
28469
42510
99493
60101
30366
59567
66114
38447
67165
94253
21164
91436
33683
43118
97479
97730
20094
50028
11313
95065
56478
85737
62342
78361
58093
41507
81914
69945
98338
26066
38283
45058
65626
52096
37717
52012
49598
99079
52681
54917
23573
60562
19624
31989
70180
60792
14008
37830
25158
30723
43607
54745
27433
85932
32911
78755
74594
82280
11176
79215
12569
22563
71209
22078
40194
64193
50362
74012
71717
89971
83178
68371
30534
90396
16763
49230
68902
69719
62659
16949
55414
12467
22597
80643
49495
80942
42137
91332
72258
50280
34483
61707
53523
54114
91417
54192
39224
26200
66013
72169
62205
25403
93886
90798
33480
11750
87309
80515
77119
71751
71594
94680
17770
44860
39860
72362
47716
45048
54206
43828
53244
31203
51865
49260
89695
65247
68592
57876
40419
59361
65572
47348
55945
16239
39002
26184
67591
56966
27122
48041
31904
46544
41773
66111
84528
71431
84964
23605
17484
93472
42677
32877
74773
88880
50859
65477
79402
15506
87083
91525
50242
54110
79789
80012
62437
14270
90628
78421
36217
65570
29034
63042
21788
28934
85873
77768
26404
61237
74956
38284
25725
31133
15589
66836
66918
71302
60479
99452
28462
30605
49091
62276
67873
94661
77496
72826
95980
78695
50836
73174
51781
97504
56784
17358
75378
68704
59023
22208
48862
98270
34853
38455
29595
59882
24751
20970
38029
63210
81158
74256
89753
19579
25915
18694
12410
82852
34602
81633
97835
74961
26122
51336
70857
10344
30951
51575
71401
90212
40917
89940
15888
97761
30630
89136
58615
64022
71395
99369
50811
54092
56073
61531
75729
10864
76534
34266
13465
38930
95964
16953
30205
50498
48666
55277
92271
29228
14637
60017
15607
25034
94486
30169
39553
40290
48536
44965
17007
62622
63319
37977
85701
58560
72307
97126
66534
32671
59299
90023
66609
28154
92517
12309
88862
57455
53470
59103
29224
93045
17331
91808
16400
45295
97690
79316
68801
16628
69327
70913
53922
18191
21144
17685
66085
88809
13079
63700
11519
87351
52609
69037
54742
94411
12050
57838
18473
33191
19497
75676
39471
22246
56680
25088
97507
16157
83613
74316
80158
52266
66422
56325
41368
17113
15611
35594
35511
99254
98588
97220
28394
79117
62057
15267
49087
27972
36210
82201
40795
63495
82476
98889
43962
26221
87536
56062
37725
75523
94619
89945
27453
88480
65998
97794
31497
49885
85453
78029
17555
32390
61144
61002
15211
46658
64844
75367
60289
32339
19996
91142
90645
54534
81835
40989
25947
88186
53865
92283
64818
19688
38651
93469
49510
46038
93600
10807
25606
48998
44524
72451
72244
40493
51524
85123
13623
61986
63717
98906
25413
21191
95501
98388
36840
87741
24633
31614
27596
61122
68545
98978
51631
91744
85304
63438
89418
42510
39346
71323
54382
41689
87488
26778
34996
38040
47720
43425
89043
53896
74104
39857
70438
23817
77438
53212
34612
27905
33583
63136
39616
51539
73466
48532
89828
27972
62354
74603
61153
24170
76389
25552
32675
31433
75858
46234
51799
41433
37377
15284
84876
69731
14641
69843
46534
65831
73113
53544
79488
17260
35407
77958
43782
77375
19009
15809
92639
15092
26653
64770
64762
90435
50559
92169
41453
20904
32470
91775
48427
27204
73419
39928
18931
91714
19479
61360
71698
42169
81414
44931
50240
62535
90464
40121
13282
42160
24828
10249
60319
94563
22333
42137
21803
73608
51385
53116
53934
76317
14381
57667
88266
21524
19414
96322
93619
19690
85604
54183
53746
52324
45714
74402
30712
38053
81651
56508
25073
40698
34075
78273
39851
74370
44386
12447
29062
26205
27267
18405
39674
24378
25348
73297
47881
62793
89526
55322
84624
69104
29683
67513
56082
81316
92098
84554
74637
28677
83271
52095
18323
10634
31647
87234
90815
28966
69369
42832
50453
51452
64570
83253
96040
54803
91445
94253
14057
93510
66642
65581
82226
88325
60350
82409
87551
85132
56387
25842
82364
31678
31154
85266
17487
95318
82720
60697
58154
18772
55445
15514
39200
78758
29183
57075
10045
18085
56389
79014
83190
42104
14266
93345
57153
87209
76974
43614
56294
41826
84020
36067
27193
30266
52578
95390
75283
62773
88461
32319
86891
30423
40621
68409
19290
41933
49843
59615
40485
81049
19955
23284
68463
90347
76358
15020
21057
35484
53553
25193
12666
35086
39939
86091
27613
47600
75523
47807
51832
75616
30373
13025
20790
75548
68057
59727
36915
23977
67946
19843
82187
56426
60459
89639
51317
48366
24878
17818
22902
61628
20242
66968
12193
31070
16539
21155
19336
25824
87611
40732
14845
28952
86091
24967
77006
87446
18257
42364
11470
30301
55569
36227
27507
48868
26850
42780
68902
38921
81876
60052
52880
57224
56570
52585
27354
86738
54008
43773
25001
18496
21079
43699
19521
40807
45577
68259
58624
19696
15212
59480
59702
74026
44641
75822
62200
87962
66970
11902
93181
86907
85617
45794
60252
92726
21528
87817
80692
18682
82558
77154
22636
90677
67124
11515
24797
94595
77483
49834
18330
53463
27721
23877
67700
80809
73107
63683
92779
75570
17045
87680
24989
50629
37930
86466
51760
96414
43823
58700
20152
17311
68400
26676
45490
80030
87904
16195
27406
69439
35446
94072
59332
24626
24000
55109
23050
68520
88320
78025
99898
16206
41747
20400
42955
65675
59598
54762
58029
69924
75864
21711
74529
26399
87806
44446
87312
23338
26367
44000
59589
97355
19204
75701
86478
77293
65753
55770
66814
69647
36081
23182
82370
31645
42883
24706
64592
88132
16517
57247
16350
79055
27070
61530
26756
44123
93622
48449
40939
60950
67139
36861
58520
12041
87340
32948
82692
68618
37027
89282
57264
51783
70135
32467
59327
54093
84061
85404
43597
52076
98829
57943
97951
31136
94269
93116
95052
99728
79456
50587
66778
57080
11660
40160
59344
25655
27815
24641
44401
87287
93996
61001
75183
35965
41683
60458
59461
96162
90882
49987
23147
33342
53121
20063
23361
61758
92505
33805
36646
65468
68734
47940
19864
14996
45922
89862
81908
79127
59295
31570
18152
91261
29911
62610
86628
11692
67319
82397
34296
42060
80410
84790
46883
37679
48485
21131
67423
67153
87561
90933
90920
38287
85169
31248
60700
97840
82649
91259
73033
55969
78502
58799
10637
11210
75866
40521
36517
77849
61489
74720
68516
53818
10594
90105
25892
23276
82309
44692
25174
66287
34934
52161
41727
14563
57955
40671
53218
56594
17931
12203
56476
40806
58332
48884
55383
27274
50912
87042
36563
50535
81391
79679
45975
25458
14852
93617
14091
20699
50243
86285
74545
23704
87160
29733
77725
28166
15900
49995
56988
53256
75190
25564
56980
72114
52302
28479
38039
58911
23209
81628
36751
83075
75289
88931
66304
53581
82669
78677
46571
48655
20081
28277
16206
33558
17127
66106
70320
89509
47376
60820
51160
22461
85122
19163
16946
41618
98937
58664
15017
89040
62185
16919
17078
57686
51632
39285
83666
79603
50070
17315
29073
27133
66315
76487
44538
38059
88152
30411
28724
51414
38369
69279
74031
23428
96438
64674
92000
99278
13535
62773
94526
73775
28319
61630
18551
12109
68294
33594
24444
30765
38757
15998
39001
82585
70856
32939
16883
49572
94833
42000
19088
35432
99712
89116
59362
26856
60235
25584
97328
69667
89036
27389
66535
37672
85190
16925
20522
89822
88093
90823
46050
54607
33778
43766
16905
73679
39140
89086
11532
74749
92399
66474
90897
82441
77582
83086
65187
65928
83605
23214
66301
89525
35153
47041
89478
18070
48998
51886
60650
88853
55875
87274
27496
18049
43245
33785
16894
95000
82010
85700
61949
60627
20590
29692
89039
25734
46833
47186
75494
32671
63197
44082
84848
25337
34849
23695
44435
49647
97189
61471
82471
31861
25176
62096
61776
82444
42420
36142
39799
79296
38544
14688
12298
84801
60219
23430
69251
13510
58048
33285
47006
38864
89291
47851
72694
36206
32618
59553
98540
59771
34028
49088
94866
73010
57261
95013
58152
44157
87731
26994
30143
19649
45755
90205
60575
30765
37968
66818
70605
19407
12956
60888
26155
64259
75909
84887
95564
57113
57515
35752
90439
63933
62189
78852
23698
35065
67380
62104
46735
82861
40295
83390
83268
75614
21470
67936
97978
14501
17528
20343
75128
56488
99786
81906
43159
79494
22981
51732
45351
82120
81446
71657
96050
42693
44555
93222
40336
13542
58964
18450
79488
52245
60053
25155
19800
36134
70138
14967
51972
97444
79264
76241
46902
43289
79106
20914
79342
12834
43180
91609
11859
79761
96567
80200
85821
98638
29907
51164
15981
21164
83845
13082
30228
36836
24973
37095
98857
68157
36876
54416
85487
34385
92614
70828
31063
42098
96451
45814
54783
59821
86712
45555
96305
95810
20139
76387
16762
16992
99323
99317
78388
22632
58925
39990
23200
81865
27432
15141
13784
23529
65520
15849
98640
25894
23680
40472
50962
81559
33747
42714
50041
29168
28357
82765
71760
49618
26052
83399
23630
93821
68638
29759
62835
35847
70938
25726
58902
84720
89021
93939
42336
21340
59854
84696
84897
24507
26413
33769
41860
93250
57054
80899
12218
59926
24953
27895
28230
88465
17038
86618
38958
12016
57542
53062
78921
20099
61174
54101
33536
82939
66816
57597
31849
74444
29873
14362
19928
13013
49577
40000
14084
56005
45608
12565
38935
94628
66498
54936
57673
31769
26317
20260
92039
88203
79217
69995
63164
61954
96204
41193
83933
13516
74501
62247
80194
29219
13962
94853
61138
47740
80881
93278
97504
85743
27432
24244
77357
28308
95487
79978
55478
41083
98513
52713
37605
51422
51687
25481
77010
28422
60560
43407
42103
98167
20779
63457
21317
50026
73436
89256
19173
79194
24194
63472
16618
91656
65813
67856
64401
97113
36811
84503
83166
84155
57244
19191
10871
72043
83013
43223
55841
43560
51513
97165
36238
89250
96682
88316
15356
26728
25323
70237
35001
10735
73487
94452
16796
24519
10672
66533
10442
33067
78849
11437
32651
66264
24983
28496
93480
75459
91881
87831
68606
37860
98374
60268
31746
73900
71559
30171
53296
84212
35699
37410
55915
29105
34935
44364
94964
29141
88576
23474
48489
18517
55463
62484
72412
91545
38525
44682
70266
37941
71087
50268
57578
52375
83890
81506
46234
21834
21960
80289
84955
60612
90733
19920
98586
34393
53925
31650
67350
97660
26175
82688
85458
69171
62954
32979
87919
88588
20849
32039
64482
54213
52382
81450
58412
83635
59142
91197
27994
48527
42499
97702
59850
96576
36023
59658
71315
81167
30655
33144
92467
74889
94422
39549
98100
34333
37448
40756
94597
84227
21782
53138
47145
59085
17438
68241
78725
81892
90130
65625
66387
89918
65255
38490
91844
68518
71700
47167
64770
41461
38293
64169
87042
44703
10211
41282
91666
18246
41544
71863
17366
98418
58943
81922
67438
38143
68430
68205
28747
61951
81826
33052
86540
96779
46708
89591
42561
47605
60700
84715
48722
26792
80107
18344
15901
55632
36499
16452
50350
69335
46029
61668
54834
19645
85018
15101
95028
79474
51423
37767
91522
65394
97816
85761
27613
55275
70814
96441
42069
38472
53543
59866
31163
19806
63206
58180
44718
84521
47345
32959
77534
66791
12191
47797
23445
41252
22846
69131
26383
38996
41373
86273
59775
22892
91772
96651
69586
84553
10768
67720
58898
20006
30776
42733
61514
27918
62044
66507
28799
48453
63494
66968
55642
59740
84313
11282
89165
48161
70363
84682
62449
71986
17025
72687
49926
78958
61587
38771
38877
98051
92381
66948
19765
81071
86009
46500
79778
35689
69960
25743
15798
87356
86292
18074
10908
81987
89039
83967
85075
84305
11110
19882
63497
95071
82647
58941
18766
28866
71624
30390
46119
53148
89236
73299
37239
15031
81728
95840
15138
52649
15584
79021
17854
95406
74056
17148
15478
20362
42002
74550
85602
36552
26421
86317
81641
65260
70876
84010
21859
15319
69910
83692
99431
41821
76203
42509
31854
69310
98397
35782
99389
34412
95432
31069
70654
21027
81106
42575
25702
73306
27382
54999
54657
83991
61931
55894
59797
35610
24385
22802
42832
13673
98336
47976
73063
88314
91001
38497
71673
71030
55602
77636
46454
46393
81564
10184
82930
19658
91885
71838
89673
47478
67450
75221
15553
32250
71252
51745
89663
22609
30841
44481
93626
64702
30941
78238
53501
75201
13491
36685
98341
32017
28768
95230
69371
73145
18921
76587
71556
26056
85680
30341
91447
33987
59295
36013
67699
66957
40408
59381
61738
81729
16507
40973
32918
51378
40924
16230
66278
51269
19465
83626
23053
79123
77513
89905
98925
78015
76793
75856
43102
27651
48582
35030
13384
69337
72289
67262
20711
56872
18544
20143
73261
34805
69997
90787
11141
68668
21405
65944
16346
95773
19435
99353
61344
88075
85670
87860
41698
91358
47523
96131
60144
52152
97973
86300
82952
13920
29909
66091
93882
35031
72689
17931
62632
50884
14966
74755
40226
80919
86386
26575
22770
56573
41251
60243
68805
66629
21953
31747
21789
41148
20220
99063
21196
74726
25776
49090
94287
38327
68209
99225
64456
55647
73913
46127
79825
51706
12927
68815
85132
19016
10940
22351
12932
10177
71035
63703
62468
71744
71102
29545
14420
30600
20388
54720
57172
92964
43341
83115
98789
92635
14414
85554
72888
74799
24961
59570
80208
58351
65646
28845
78582
22113
94119
68242
56708
58073
67794
98462
74407
28710
21645
72057
20369
61470
31317
41284
96808
53322
59206
86235
54161
56906
91287
59524
76045
20389
85487
47696
95060
91945
91515
46680
43068
30436
23301
64206
84565
42094
27350
32512
30863
64517
45078
13424
73394
62626
13049
62072
35570
83811
43365
36082
64428
40166
35534
35387
80270
20968
66738
70354
36939
42422
45141
81377
68530
33564
39070
59865
63557
96326
11957
58335
15364
45883
37487
71426
23898
71182
85087
25789
30793
17625
84877
45383
52267
36678
96996
77158
43215
23909
19368
36275
47669
77200
79773
36950
33988
23954
67931
90594
77633
68690
74029
19086
24807
26053
28654
85440
28134
14606
19887
46111
78026
10674
52691
19872
39790
86343
49157
35128
11140
98758
83648
58389
31108
10754
81411
11830
50708
33293
84229
27701
21938
81241
68503
85680
28643
58201
33062
67711
51168
82530
48087
89218
62734
62470
74399
92615
35210
34436
18178
66529
52038
84620
75336
80164
93017
24945
26469
25043
32014
57470
72324
31375
22807
34891
66587
39444
60675
44257
97638
23791
24258
61364
22610
51301
91517
40100
75716
58062
39319
33324
31579
86919
61925
16633
35792
89817
16622
98172
50319
70666
92715
90212
81442
19641
36378
13560
96666
60203
93326
79007
19761
24861
49254
55397
98624
58181
40981
44743
31757
51129
29190
95606
36657
54257
82986
80673
70514
79936
69907
36054
27417
10196
49254
13152
89504
19543
16982
35890
33060
62230
91837
21803
57518
83583
14467
85785
62424
79809
31727
19146
38419
77596
99777
30073
56306
23377
14622
68443
21326
12495
85270
81752
44816
40867
92075
85474
96130
38348
44174
18599
43923
18343
49635
97654
90761
46970
71746
57887
49707
49408
75363
64335
34041
22738
92904
61039
27559
92892
24820
37132
54953
33586
78812
40055
77907
12350
68330
23919
76736
64962
12149
38893
14072
21056
57573
65290
27632
54648
27834
12460
20861
30525
75226
41256
92050
91591
13138
51596
55262
14697
20686
25396
41164
36560
57135
21353
39834
29860
75282
78982
71807
93585
17743
84086
94167
97484
13309
15742
58478
57857
54896
20144
16572
70467
27936
49477
53612
17675
33686
99926
56031
88815
93654
90102
81497
57057
61339
21614
97665
55290
46025
42132
37946
63932
49250
21730
72126
65513
44485
25249
77279
99597
86280
33537
24522
17295
32289
52425
77977
80343
39704
11182
79507
74054
18128
51741
80954
74971
22002
61606
45794
11427
22347
28914
89054
25253
87521
73441
44794
24468
80040
66048
87678
33684
13110
88391
72822
49234
41316
99936
45130
57590
49586
68366
48070
89402
99971
73057
91829
32714
81656
62146
34298
80074
38711
24480
81407
58393
77796
42047
72499
46234
86245
69244
79190
64440
46764
27929
55488
64023
45631
74169
51721
41383
13818
53785
73971
78013
69029
51714
57662
48192
97326
46125
35267
26541
18408
83309
86175
89233
18184
76997
73508
49127
95772
94843
87994
38185
59899
55733
91682
90378
69833
64075
41361
49440
44643
16053
15979
66519
51836
31907
17698
95404
99930
96322
95030
20989
45544
59040
68474
86893
64669
16530
32414
45394
16667
71131
72548
26775
85089
35602
76187
56538
68981
36164
39455
68915
86986
74112
56058
58568
13695
38522
41286
61258
38437
11868
46321
47253
11907
91095
85671
57980
90992
68216
34925
59701
69494
25217
84866
75541
46013
86538
72755
79715
15451
86317
15618
77336
14443
35875
68282
97448
94036
10993
12863
53093
94405
59021
93175
37112
11856
52572
25756
14301
25384
90962
58017
31770
33764
45331
88191
50294
53002
20558
41161
85689
49455
44443
80901
99985
48967
57521
56707
10077
78456
87203
75684
35291
78820
16554
20241
13789
90316
40155
13673
66644
53116
85387
75042
53929
15635
85339
32221
58424
25710
48982
79539
97100
35789
32853
73638
10191
79651
86211
53007
20182
66883
12381
70842
37441
29550
51239
64314
11173
65442
